2468263,4,11,1,0,0,1,0,1,2,0,0,0,0,2,0,0,1,0,0,0,0,0,0,0,9,0,2,2,0,0,0,4,2,1,3,0,2,0,2,2,0,2,1,0,0,0,2,0,2,10,0,1,0,1,0,0,0,0,2,0,0,1,1,2,0,10,1,0
2468264,6,0,1,0,0,0,0,2,2,0,0,5,0,0,0,0,0,0,0,0,0,0,0,0,0,0,2,2,0,0,0,4,2,2,0,0,2,0,2,1,4,0,1,0,0,0,6,0,0,10,0,1,0,1,0,1,0,0,3,0,0,0,2,2,0,7,5,0
2468265,2,1,1,0,0,0,0,2,2,0,0,0,0,0,0,0,0,0,0,0,0,0,0,0,0,0,2,2,4,0,0,4,1,2,0,0,2,0,2,2,0,0,2,0,0,0,6,0,0,22,0,6,0,2,0,0,0,0,3,0,0,0,2,2,0,11,7,0
2468266,1,1,2,0,0,0,0,0,0,0,0,0,0,0,0,0,0,0,0,0,0,0,0,0,0,0,2,0,4,0,0,0,2,0,0,0,0,0,2,2,4,0,2,0,121,0,0,1,0,10,1,0,0,3,0,1,0,0,0,0,0,0,0,0,0,2,0,0
2468267,6,1,1,0,0,1,4,2,2,0,0,6,0,3,5,0,2,0,0,1,0,0,0,0,8,0,2,0,1,0,1,4,1,2,1,0,2,0,2,1,4,3,0,0,0,1,1,0,4,10,0,3,0,1,0,1,0,0,0,1,0,2,1,1,0,5,1,0
2468268,7,1,2,0,0,0,0,2,2,1,0,0,0,0,0,0,0,0,0,0,1,0,0,0,0,0,1,2,0,0,0,4,1,2,0,0,2,0,2,0,0,0,0,0,0,0,6,0,2,23,0,1,0,1,0,0,0,0,3,0,0,0,2,2,0,6,6,0
2468269,4,0,1,0,1,1,1,2,2,2,0,0,2,3,3,7,1,0,0,0,0,0,0,0,4,0,1,0,0,0,1,4,2,2,6,0,2,1,2,1,0,2,0,0,0,1,1,0,2,31,0,1,0,1,0,0,0,0,0,5,0,2,1,2,0,10,1,0
2468270,6,11,1,0,0,1,0,2,2,0,0,0,0,0,0,0,0,0,0,1,1,0,0,0,4,0,2,2,0,0,0,2,2,2,2,0,2,0,2,2,0,0,0,0,0,0,6,0,3,22,0,1,10,1,0,0,0,0,3,0,0,0,2,2,1,8,4,1
2468271,6,2,3,0,0,1,4,2,2,0,0,1,0,3,3,0,4,0,0,1,0,0,0,0,5,0,2,0,4,0,10,4,2,2,1,0,2,0,2,2,4,5,0,0,0,0,1,0,5,10,0,6,0,1,0,1,0,0,0,5,0,2,1,1,0,13,1,0
2468272,1,11,1,0,0,0,0,0,0,0,0,0,0,0,0,0,0,0,0,0,0,0,0,0,0,0,2,0,4,0,0,0,2,0,0,0,0,0,2,2,4,0,2,0,121,0,0,1,0,24,1,0,0,2,0,1,0,0,0,0,0,0,0,0,0,4,0,0
2468273,1,1,2,0,0,0,0,0,0,0,0,0,0,0,0,0,0,0,0,0,0,0,0,0,0,0,0,0,4,0,0,0,0,0,0,0,0,0,2,1,0,0,2,0,114,0,0,1,0,10,1,0,0,0,0,0,0,0,0,0,0,0,0,0,0,0,0,0
2468274,3,11,1,0,0,1,2,2,2,0,0,0,0,4,3,0,2,0,0,0,0,0,0,0,3,0,2,0,0,0,1,4,2,2,5,0,2,0,2,2,0,3,0,0,0,1,1,0,3,23,0,1,0,1,0,0,0,0,0,5,0,2,1,1,0,10,1,0
2468275,6,1,4,0,0,1,4,2,2,0,0,6,0,4,3,0,2,0,0,0,0,0,0,0,8,0,2,0,3,0,10,4,2,2,1,0,2,0,2,1,4,3,0,0,0,0,1,0,3,10,0,5,0,1,0,1,0,0,0,2,0,2,1,1,0,11,1,0
2468276,4,1,1,0,0,0,0,2,2,0,0,4,0,0,0,0,0,0,0,0,0,0,0,0,0,0,2,2,0,0,0,4,1,2,0,0,2,0,2,2,3,0,1,0,0,0,6,0,0,10,0,1,0,1,0,1,0,0,3,0,0,0,2,2,0,13,5,0
2468277,1,1,2,0,0,0,0,0,0,0,0,0,0,0,0,0,0,0,0,0,0,0,0,0,0,0,2,0,4,0,0,0,2,0,0,0,0,0,2,1,0,0,2,0,112,0,0,1,0,10,1,0,0,2,0,0,0,0,0,0,0,0,0,0,0,5,0,0
2468278,1,3,1,0,0,0,0,0,0,0,0,0,0,0,0,0,0,0,0,0,0,0,0,0,0,0,0,0,4,0,0,0,0,0,0,0,0,0,2,0,0,0,6,0,0,0,0,0,0,10,1,0,0,1,0,0,0,0,0,0,0,0,0,0,0,1,0,0
2468279,3,3,1,0,0,1,5,1,2,1,0,0,0,3,2,0,1,0,0,0,0,0,0,0,7,0,1,0,4,0,2,4,1,2,2,0,2,0,1,1,0,2,9,0,0,0,1,0,2,10,0,6,0,1,0,0,0,0,0,2,0,1,1,1,0,11,1,0
2468280,7,1,2,0,0,0,0,2,2,0,0,0,0,0,0,0,0,0,0,0,1,0,1,0,0,0,2,2,0,0,0,2,1,2,0,0,2,0,2,0,0,0,0,0,0,0,6,0,2,22,0,1,10,1,0,0,0,0,3,0,0,0,2,2,1,7,5,1
2468281,1,1,2,0,0,0,0,0,0,0,0,0,0,0,0,0,0,0,0,0,0,0,0,0,0,0,2,0,4,0,0,0,2,0,0,0,0,0,2,2,4,0,2,0,121,0,0,1,0,10,1,0,0,2,0,1,0,0,0,0,0,0,0,0,0,4,0,0
2468282,3,3,1,0,0,1,2,2,2,1,0,0,0,3,5,0,3,0,0,0,0,0,0,0,6,0,1,0,0,0,1,4,2,2,5,0,2,0,2,2,0,4,0,0,0,1,1,0,4,10,0,1,0,1,0,0,0,0,0,5,0,2,1,1,0,11,1,0
2468283,6,0,1,0,0,1,3,2,2,0,0,1,7,2,2,0,2,0,0,0,0,0,0,0,5,0,2,0,4,0,10,4,1,2,2,0,2,0,2,2,4,3,0,0,0,0,1,0,3,10,0,6,0,1,0,1,0,0,0,1,0,2,1,1,0,10,1,0
2468284,2,3,1,0,4,0,0,0,0,1,0,0,3,0,0,1,0,0,0,0,0,0,0,0,0,0,1,0,4,0,0,0,2,0,0,0,0,4,2,2,0,0,2,0,111,0,0,1,0,52,1,0,0,2,0,0,0,0,0,0,0,0,0,0,0,5,0,0
